chr1    3496987	0|1	0|0	0|0	0|0	0|0	0|0	0|0	0|0	0|0	0|0	0|0	0|0	0|0	0|0	0|0	0|0
chr1	5875102	0|1	0|1	0|0	0|0	0|1	0|0	0|0	0|1	0|0	0|1	0|1	0|0	0|0	0|0	0|1	0|1							
chr1	10639086	0|1	0|0	0|0	0|0	0|0	0|0	0|0	0|0	0|0	0|1	0|2	0|0	0|0	0|0	0|0	0|0							
chr1	12716215	0|0	0|0	0|1	0|0	0|1	0|1	0|1	0|1	0|0	0|1	0|1	0|0	0|1	0|0	0|0	0|1							
chr1	12828806	0|1	0|0	0|0	0|0	0|0	0|0	0|0	0|0	0|0	0|0	0|0	0|0	0|0	0|0	0|0	0|0							
chr1	12894694	0|1	0|0	0|1	0|1	0|0	0|1	0|0	0|1	0|0	0|1	0|0	0|0	0|0	0|0	0|0	0|0							
chr1	12938823	0|0	0|0	0|0	0|0	0|0	0|1	0|0	0|0	0|0	0|0	0|0	0|0	0|0	0|0	0|0	0|0							
chr1	13196863	0|0	0|0	0|0	0|0	0|0	0|0	0|0	0|0	0|0	0|0	0|0	1|1	0|0	0|0	0|0	0|0							
chr1	13199588	0|0	0|0	1|1	0|0	0|0	0|0	0|0	1|1	0|0	0|0	0|1	0|1	0|1	0|0	0|0	0|0							
chr1	13260552	0|1	0|0	0|0	0|0	0|0	0|0	0|0	0|0	0|0	0|0	0|0	0|0	0|0	0|0	0|0	0|1							
